Lr = 0.043047;
Lm = 0.04165;
Rr = 0.249;
t = Lr / Rr